.Random.seed <-
c(403L, 343L, 1972444814L, -748020461L, -2072775466L, -1670006086L, 
-114429713L, 1697984791L, -637589907L, -1303646504L, 256205363L, 
1865775738L, 947973131L, -995106137L, 856053842L, 1172987836L, 
-1013218882L, -222752947L, -999802479L, 812035212L, 533872736L, 
1817748419L, 1311222344L, -855911368L, -476396506L, -1256470400L, 
-9115936L, -1850134287L, 1689382712L, -174255859L, -521064248L, 
-1508695203L, -1076899661L, 1719264698L, -415811575L, 1810798347L, 
-439289990L, -1733555625L, -700282322L, 213197611L, -1353818253L, 
955366386L, 1825009651L, 1159996601L, -1047352791L, -1352453471L, 
1411126090L, 413430339L, -1297170490L, 1079426390L, -1912330744L, 
1748075940L, -1961295889L, 1444571897L, 1309414517L, -662216923L, 
-41676691L, -201045774L, 1961039391L, 666651989L, -691944311L, 
2087110882L, 428066272L, -1322670938L, 1493300582L, 1925496480L, 
639241372L, -341744096L, -1809446285L, -1612984965L, -1285858467L, 
1523290753L, 76434491L, 2130759573L, -1861668386L, -19075953L, 
-227000469L, -1814390965L, -1560801860L, -426021445L, 1172370067L, 
1810030417L, -66779951L, 2142669977L, -1584467741L, 655254160L, 
327268016L, -263036262L, 590567170L, 444220567L, 1420870483L, 
1252690857L, -188082155L, -1823283119L, -798978837L, -650813763L, 
-396715294L, 190721738L, -524905827L, -1526425559L, -2077955983L, 
-1292669788L, 693376817L, -1720705668L, -1109753734L, -1377841965L, 
-106648327L, 739227457L, 801984037L, -61017858L, -641820252L, 
-1262800440L, -1940227111L, 1114591793L, -1549619741L, 312406427L, 
1083739268L, -1900443831L, -1604472509L, 51366944L, 1795601869L, 
426162560L, 1781006782L, -1028762682L, 339050359L, -1497765482L, 
47459016L, 13266356L, 1862094062L, 540862068L, 1528736154L, 1575521654L, 
512148494L, -90261299L, -2007909918L, 421400627L, -675801920L, 
-463099147L, -1764726255L, -970588991L, 1066579671L, -903358445L, 
55217100L, -958824563L, -1063957499L, -41050409L, -15314501L, 
-2045170368L, 1858517140L, -936046158L, 1490662773L, 704615219L, 
-1061415417L, 1883703749L, 1352358476L, -1475792537L, -245059247L, 
-2101818987L, -1241927480L, 268343713L, 259176394L, 1387188149L, 
-793780668L, -3052603L, -1112605023L, -1652561907L, 1952777666L, 
-155742508L, 625097572L, -1806179457L, -1183589588L, 1427777101L, 
455335598L, -455775741L, 174503451L, -1789629088L, -1755331428L, 
-72172381L, 606628094L, -490176683L, -1995579716L, -1578405215L, 
1442334584L, 2059556969L, -773297717L, -1767291542L, -356030370L, 
1100324902L, 745870578L, 1681211596L, 1083612108L, 107923286L, 
1217338697L, 2140339488L, 1013258610L, -304882853L, 899556167L, 
791608749L, 1732393879L, 832059237L, -1829396849L, 633621348L, 
-160798061L, -1782695985L, -1083322501L, 137955649L, 1048011740L, 
-1716946156L, -1504704848L, 452005310L, 80665981L, -802984526L, 
-433726813L, -1723944638L, 1690755949L, 1963321023L, -881488727L, 
753752563L, 863982018L, -1476383874L, -1459854835L, 1311113605L, 
416861473L, 1496320230L, -841945405L, -404685879L, -605577411L, 
1070797954L, -957509677L, -667606512L, 1068105768L, -638051036L, 
1898708986L, 1130143158L, -1583195879L, -1626715062L, -1724918024L, 
644800774L, 370153321L, 1398670828L, 763618192L, -1684247240L, 
1144777266L, -299708341L, -789908962L, 1297674001L, 590538759L, 
-816020284L, 292095046L, -201107643L, -1117722123L, 538040588L, 
-127371992L, -661261426L, 119189987L, -59600367L, 1486762609L, 
922045315L, -1273132289L, 1450133016L, 1876910907L, -267022865L, 
32853264L, 1402930614L, 1707780213L, 1837008920L, -1429223594L, 
-1118622644L, 1974198095L, -196698634L, 554112190L, 7536559L, 
189770882L, 344138567L, 619395328L, -1867327566L, 1437505803L, 
1823934516L, -2125311578L, 656751842L, 1519684496L, -2061907259L, 
1075601427L, -1932419733L, -1237144686L, 509284880L, 1097674899L, 
-728644938L, 186828856L, 1223332300L, -395561011L, 505646881L, 
-485165858L, -1329084712L, 255928924L, -1512649467L, 1678351421L, 
-170582465L, 387564275L, -1395251357L, 560712573L, 488131305L, 
507054344L, -202792799L, 1447893896L, -866297425L, -1187100514L, 
-232279634L, -1564129636L, 971381385L, -219528159L, -1659293155L, 
1401553860L, 1870075845L, -2071527703L, -851885678L, 1740240315L, 
961010417L, -704004645L, 36320296L, -1854069320L, 1029525868L, 
527730582L, -619420706L, -55600791L, 1545193439L, -659218874L, 
-1227122950L, -1866273395L, -1999204195L, -1593025641L, -869414809L, 
-64950145L, -741009145L, -665764821L, -1052372282L, 1967645474L, 
-1153510456L, 1944505048L, -520272588L, -1192624762L, 780430332L, 
453783603L, 1705863274L, 59907879L, -31358890L, 1874154922L, 
927028673L, -199559345L, -1468295265L, -104640993L, 751804566L, 
-466833833L, -1264647787L, -1535756131L, 300935812L, -1088813001L, 
927526441L, 87459438L, -1036625588L, -2115439743L, -1468413238L, 
145550246L, 917899372L, 1087842194L, 838243376L, 1750119838L, 
-1770222245L, -1430480106L, -892061208L, 1541391373L, 1788843796L, 
407255971L, -680795672L, -806255394L, -1353349470L, -700833982L, 
-123265648L, -235802503L, -2043986816L, -2018111542L, 1523605268L, 
-410908803L, -229224543L, -1050620213L, -562056617L, -886279885L, 
-1418763344L, 1034221553L, 329625668L, -1710303635L, 2040444632L, 
1925673173L, 597926885L, -729363557L, 464661282L, 2041637482L, 
275755134L, 717696583L, 2111642951L, -1750839184L, 275366023L, 
-2036303800L, -525457346L, 929231944L, 1427957410L, 1732244903L, 
1606285929L, -1052846906L, 1750264819L, 892039178L, -122725474L, 
-242819595L, 1235178913L, -181478996L, 754204127L, -1220554270L, 
1374316727L, -130528303L, -290732597L, 702877088L, 550394251L, 
-1214123373L, -301027317L, 2010114333L, 633001830L, 251266938L, 
-49694381L, -1064119800L, -2091099516L, -1737146322L, -812406346L, 
794027002L, 1854842068L, -2001642075L, -1257234446L, -634329543L, 
-2065399237L, -394076597L, 642082655L, -950580563L, 1335636057L, 
858548997L, -583540128L, 935074089L, 1498281855L, 1461726219L, 
1704851073L, 1237332504L, -682933835L, 1382030744L, 1604497346L, 
-1394338887L, -2044673635L, -1579815657L, 652089894L, -479665991L, 
-821886424L, 2115457003L, 2034380236L, -794901595L, -1866777093L, 
732192813L, 189120545L, 499259920L, -771188304L, 26584449L, 781197261L, 
932436235L, -741493321L, -852519438L, -1049660058L, -240774700L, 
350976608L, -103104129L, -942902253L, 869774178L, -73939108L, 
2087888771L, -1282486470L, -106008008L, -138320009L, -365327926L, 
192248985L, -262313102L, 1993594495L, 1153450987L, 753721464L, 
1965246909L, -923908920L, -298443899L, -662814939L, -1968663577L, 
828123892L, 479489322L, 1412220571L, 788708038L, 1733247655L, 
-1437368385L, 649004846L, 1446010287L, 608892962L, 399677962L, 
-429786835L, -531457764L, -826144213L, -347277394L, 1270519713L, 
-1776577839L, -1007341446L, 764395369L, -1450392744L, 1174138683L, 
-1956057573L, 908256592L, -662399007L, 645211926L, 1096176414L, 
-2052751611L, -1734984999L, -1725148655L, 2048338644L, -289569985L, 
-1596173816L, -107245011L, -1336721044L, -1884406397L, 1840821588L, 
927469708L, 1543395818L, -1019109980L, 478218663L, -417614021L, 
506870856L, -224450978L, -263293527L, -573554511L, 1890307081L, 
-1049939182L, -1613429486L, -778559885L, -1199622225L, 1348554332L, 
1023688254L, 489664912L, 2143039814L, -929064455L, 978135713L, 
1066907346L, -1257284200L, -481651801L, 471298087L, -1426054863L, 
-1810728764L, -1672105992L, -1471802149L, 544731835L, -909733953L, 
-945176547L, 1852725682L, -633390363L, 2109265703L, 1647588355L, 
-1846315003L, 1027565051L, 548200058L, 109027600L, -647410996L, 
-565156864L, -484148091L, 340592460L, -899028400L, -107060391L, 
383111233L, -263220764L, 502280040L, -1702330607L, -126713514L, 
700982992L, 2076388342L, 828781422L, 1639182031L, -191092203L, 
-1982968317L, -625255915L, 1390634410L, -1997068144L, -1561151919L, 
185712845L, 485547411L, -97982289L, -110536807L, -723374153L, 
801000670L, 988340109L, 297067168L, -2128122689L, -76344592L, 
1198417971L, 541831645L, -1677376690L, -1455172056L, -1618531380L, 
2044758396L, 1083759063L, 726699569L, 686141413L, 814324713L, 
